function f=f_1(t,x)
f=[x(2);((1158.59*50102-0.2*x(2))./(425800-1158.59*t))-9.8*6400000^2/(x(1)+6400000^2)];
end

