function f=f8(t,x)
f=[-15*0.05249*x(1)*x(3)/59170000;15*0.05249*x(1)*x(3)/59170000-x(2)/7;x(2)/7-0.154*x(3);0.154*x(3)];
end